10 100 500
32 34 19
3 2 67
35 49 8
59 89 40
20 94 35
74 63 56
63 37 85
67 56 14
84 37 54
42 49 70
5 2 1
5 9 2
2 7 8
6 3 5
9 7 6
9 10 5
5 7 3
6 9 4
2 3 1
3 10 8
1 9 10
7 9 2
10 9 6
7 4 3
9 2 6
7 8 1
8 3 9
9 5 4
5 4 9
6 10 5
4 9 1
10 4 3
10 4 8
3 7 8
4 6 10
7 3 9
5 8 10
4 3 5
2 10 4
10 6 3
5 2 3
6 4 1
7 4 10
5 8 2
8 2 6
10 2 7
8 10 5
3 6 10
10 2 3
8 1 10
3 5 9
6 8 9
10 2 1
10 2 4
2 8 10
8 4 2
4 6 9
5 2 7
7 1 6
3 4 5
5 8 3
7 4 6
1 2 7
7 5 8
9 10 5
9 3 7
7 8 2
3 5 2
8 10 4
2 8 6
1 3 6
4 9 2
4 5 9
7 4 10
3 4 9
2 1 5
1 10 5
2 3 7
2 4 1
4 8 7
8 1 4
5 3 2
10 7 2
8 9 2
9 6 4
5 4 3
4 8 6
9 6 3
1 8 6
1 7 6
2 10 1
9 5 1
7 5 8
10 5 2
3 7 1
6 7 9
5 2 9
3 10 9
10 4 1
1 8 3
1 6 10
10 1 9
3 7 1
2 5 9
1 10 5
6 5 10
1 5 9
10 5 8
3 7 5
2 10 3
19 62 53 33 69 77
16 83 28 74 95 36
27 4 17 10 28 45
4 93 3 2 82 28
69 81 93 99 89 48
67 75 5 49 69 92
12 12 67 96 4 39
73 68 58 21 8 10
6 90 56 96 42 35
16 56 48 99 41 88
83 76 12 84 14 66
45 13 46 27 56 43
51 42 13 42 35 27
38 63 14 26 32 36
33 52 63 26 28 63
5 13 18 56 34 20
84 6 35 98 27 95
90 68 60 56 25 81
43 22 45 54 11 5
44 50 89 9 78 60
85 79 43 70 16 21
30 70 92 26 51 69
67 5 34 69 1 7
10 90 69 3 24 40
24 96 38 19 17 87
79 11 42 28 81 66
91 35 44 27 85 44
72 44 63 65 7 88
92 39 70 40 46 74
90 42 57 89 11 43
94 14 37 26 4 37
37 99 31 60 33 64
56 41 16 86 65 63
93 57 86 85 58 26
51 89 2 85 57 77
60 31 56 93 27 90
94 28 30 56 16 75
7 53 13 94 43 20
74 49 16 18 47 11
71 3 87 92 49 58
57 89 86 42 97 83
62 2 91 10 89 33
10 5 93 4 49 86
35 48 38 23 83 97
59 70 65 60 1 33
11 79 52 42 4 4
62 11 99 31 28 64
54 56 52 6 98 49
4 98 21 76 83 21
42 48 42 9 61 55
80 15 72 51 86 32
91 16 17 36 45 83
47 18 7 14 83 30
16 58 69 27 73 53
57 83 49 28 40 61
52 51 26 38 10 59
57 84 52 32 33 87
77 25 11 16 21 31
99 89 66 60 52 29
11 2 38 82 78 44
63 81 38 70 27 68
14 78 49 10 20 75
31 3 85 90 33 61
81 6 77 94 35 1
96 65 6 11 45 68
58 45 42 21 35 40
7 16 25 20 21 8
59 81 30 16 99 25
20 36 50 22 86 92
20 89 75 68 92 23
89 60 38 76 96 34
92 24 25 8 53 30
30 29 22 65 35 23
74 99 4 12 30 12
92 44 68 47 95 66
34 68 62 21 45 39
31 32 21 90 39 33
57 62 19 34 95 21
34 76 70 8 71 56
20 69 15 2 8 80
27 65 92 23 92 99
73 71 29 26 52 67
12 12 58 87 49 26
31 59 3 29 40 20
22 81 87 50 10 40
61 32 95 72 67 82
96 26 38 91 93 77
51 58 82 5 95 39
80 93 83 52 34 50
9 97 28 37 35 43
53 71 58 63 99 14
4 50 75 59 90 74
4 32 4 81 19 60
82 55 46 52 47 8
31 25 55 25 47 86
28 83 70 60 21 61
20 16 64 62 80 66
85 35 27 26 7 60
60 92 27 49 9 78
58 56 67 52 50 27
4 82 74 48 7 29
23 8 74 75 66 82
32 97 65 8 34 67
30 47 3 80 78 84
9 53 16 97 34 20
6 84 16 5 9 59
55 45 60 17 60 29
39 22 52 91 80 59
22 92 2 3 4 69
65 91 61 73 46 67
75 99 17 35 48 84
73 84 71 83 58 14
97 3 98 38 21 23
40 53 47 34 5 65
30 96 24 69 31 48
89 64 80 86 4 32
95 73 13 65 53 81
37 43 31 34 65 71
92 98 59 44 74 83
24 30 74 36 9 61
36 63 74 94 38 75
24 62 6 5 9 54
80 41 40 81 52 59
8 91 93 2 91 71
87 73 26 22 69 88
7 5 14 67 29 33
2 79 74 30 57 2
50 21 30 23 64 69
13 9 52 59 29 29
65 98 70 39 63 62
39 92 3 65 23 69
6 80 66 12 48 41
58 33 74 44 16 73
70 84 21 6 41 54
47 98 52 67 29 94
50 32 95 96 33 38
67 87 75 36 40 43
36 34 64 58 89 28
42 69 24 40 85 32
84 81 80 22 47 4
26 65 52 17 3 41
58 75 83 78 17 21
5 48 13 54 22 10
38 24 38 18 44 92
6 70 49 59 86 47
51 7 63 30 27 91
34 21 70 52 8 83
47 65 42 80 85 13
21 65 57 21 4 24
3 27 51 57 23 84
79 7 57 99 70 84
94 96 46 54 84 73
25 8 15 38 46 94
36 67 64 67 2 87
82 51 80 33 41 54
15 26 3 66 23 88
96 4 8 66 20 16
67 22 52 75 84 66
81 82 86 76 54 30
66 13 96 73 13 39
1 13 3 12 30 39
10 99 62 74 89 66
30 27 33 66 54 13
68 87 29 50 55 16
48 84 1 36 91 49
93 19 98 84 71 94
81 72 50 89 39 3
99 56 32 84 40 34
29 75 72 30 32 61
22 40 59 37 96 36
28 34 81 44 51 50
57 68 86 37 67 12
6 21 58 63 94 90
98 61 89 7 35 63
83 87 93 68 76 73
48 66 70 45 77 77
28 14 70 18 21 13
44 48 55 7 64 47
15 53 36 41 60 50
77 9 36 97 49 6
53 53 84 80 9 27
89 2 61 85 70 80
50 2 32 8 53 81
23 80 20 1 4 56
3 18 50 87 21 18
10 18 70 27 76 98
49 55 27 96 31 42
61 48 68 33 49 59
23 85 52 44 46 35
5 18 96 96 47 25
85 16 15 4 32 76
7 83 48 55 49 32
56 8 29 58 64 55
80 62 80 88 43 31
20 22 3 51 56 40
88 5 6 18 3 80
29 74 86 27 15 15
34 14 58 15 43 49
41 9 91 46 13 73
30 7 33 93 4 47
80 10 43 78 17 47
7 42 34 63 78 24
86 63 35 20 32 16
5 30 88 72 48 31
50 59 73 72 25 69
49 51 56 3 17 70
43 21 13 44 26 70
73 27 78 53 36 72
97 78 42 1 51 12
31 53 56 97 58 28
22 72 47 36 1 13
84 74 11 10 12 50
55 61 89 74 43 89
70 71 5 42 4 11
25 98 31 56 71 27
72 72 74 67 60 25
38 22 79 71 11 35
99 99 88 31 8 9
15 74 30 10 29 12
44 54 36 68 46 11
17 86 44 86 46 90
11 81 23 82 67 80
83 89 44 15 5 72
2 26 88 40 66 1
4 51 47 13 78 93
27 26 87 64 86 3
38 7 97 15 76 31
22 45 82 86 92 10
79 50 39 77 11 90
10 72 15 52 61 42
86 42 33 94 7 10
97 15 1 6 49 10
70 11 71 46 88 25
38 5 96 77 85 28
55 30 74 81 5 66
72 58 44 91 55 45
3 85 85 91 95 49
39 50 44 40 52 88
94 91 54 62 11 40
21 10 30 96 21 68
60 99 75 23 7 11
91 75 87 8 87 80
90 1 50 61 97 89
91 3 62 15 16 40
85 36 39 37 61 62
3 37 40 26 92 60
93 71 41 26 61 91
50 46 24 69 55 2
82 67 40 96 45 77
80 79 60 36 72 24
12 26 64 46 62 64
45 68 5 70 46 71
77 96 74 34 43 46
30 83 59 83 29 57
15 81 30 31 52 89
98 41 66 94 8 35
94 96 74 98 38 8
35 92 38 67 41 37
6 97 76 37 86 91
89 75 49 8 74 13
8 74 76 62 88 33
73 49 94 86 71 61
38 6 77 81 19 39
22 95 87 12 5 81
50 42 33 5 23 7
30 9 99 93 79 24
61 5 56 7 59 77
64 66 14 85 25 94
58 52 26 37 20 78
3 68 17 38 29 49
16 16 93 35 87 54
61 17 88 18 5 35
67 3 20 67 50 98
64 57 53 96 44 75
18 87 39 19 35 63
71 40 63 17 34 71
3 85 58 2 47 86
90 43 79 23 77 4
37 21 92 56 41 20
47 93 6 82 19 55
51 14 4 98 1 12
10 5 39 82 94 42
86 84 25 88 90 7
94 3 21 11 13 38
34 81 58 13 9 75
90 44 55 85 87 53
78 6 42 78 99 35
99 12 44 98 37 26
46 56 81 73 39 92
21 96 72 40 14 49
45 13 19 25 90 19
8 21 65 26 53 84
95 82 39 31 23 39
53 89 95 88 81 71
3 9 89 92 31 25
69 4 83 18 67 32
78 99 10 95 37 13
46 10 17 39 18 49
68 57 57 40 27 47
30 45 27 51 6 72
55 95 31 48 52 47
50 14 11 31 23 50
6 57 56 13 41 76
5 53 28 41 26 3
75 21 43 25 41 84
22 56 66 35 19 44
28 41 47 78 75 7
71 48 13 58 22 57
66 50 62 21 78 13
96 4 44 30 49 96
92 39 50 3 3 93
3 95 61 63 24 73
54 53 16 15 80 11
38 56 9 61 18 39
44 10 50 43 4 39
83 98 98 17 21 51
90 50 38 78 21 45
14 71 2 59 8 21
76 48 69 34 64 97
91 56 24 68 41 75
30 77 31 39 15 42
99 92 63 24 74 17
99 67 93 69 57 46
83 67 93 69 26 84
92 31 9 69 85 94
29 84 32 25 33 21
57 12 61 23 43 82
28 93 96 8 99 61
60 92 49 13 29 54
28 58 61 45 10 11
61 20 5 16 34 64
9 30 7 26 91 68
90 82 75 84 62 86
57 5 23 60 51 10
42 56 35 35 67 8
54 5 84 51 66 16
24 40 96 72 83 17
7 8 17 18 70 82
62 82 86 23 52 68
41 45 50 97 78 69
15 28 56 11 46 18
53 73 1 99 39 14
95 97 78 43 57 78
22 46 83 45 66 91
90 66 40 43 37 1
73 25 30 79 84 78
35 93 91 23 33 97
67 84 86 84 48 97
96 19 79 22 58 49
32 4 80 89 46 2
25 55 11 87 80 18
1 57 71 53 36 83
9 91 73 25 68 16
42 82 83 69 85 81
75 92 91 62 54 90
24 46 39 8 90 25
68 45 9 40 63 70
88 2 75 71 54 63
99 41 18 68 68 8
99 26 63 36 22 1
25 81 88 37 8 32
33 32 56 24 51 71
58 95 41 93 64 50
13 72 98 92 30 53
86 93 95 94 35 69
94 55 2 96 33 77
84 36 91 91 1 79
25 30 36 99 22 88
53 25 36 61 98 47
28 38 22 21 81 27
65 73 45 56 53 42
31 4 61 66 43 62
99 84 39 92 70 42
34 94 4 51 31 28
35 79 97 61 66 65
9 26 23 46 35 67
86 56 91 57 13 50
80 52 98 18 72 67
48 80 77 9 10 38
65 27 6 69 76 62
19 74 3 19 38 62
59 64 8 51 3 99
31 14 27 82 89 11
6 59 1 67 96 99
81 40 8 49 95 77
39 26 25 90 79 93
3 35 34 67 55 14
5 7 29 59 7 57
33 10 27 94 83 20
11 88 11 82 54 51
83 42 75 72 34 11
47 41 76 70 22 75
94 71 21 10 77 91
2 89 55 97 66 16
35 19 46 4 94 50
78 50 22 18 85 70
82 61 11 39 29 72
45 27 33 13 32 72
81 21 83 71 23 81
92 85 14 46 49 59
34 82 56 64 35 36
19 30 21 17 75 44
2 82 21 74 26 98
86 34 2 13 96 13
82 20 41 88 97 15
30 13 79 21 72 78
40 37 31 19 22 49
53 63 20 87 85 9
52 1 7 34 18 91
60 58 28 25 93 25
29 75 66 4 8 1
54 44 44 20 51 2
93 40 5 11 29 18
50 33 22 83 14 9
59 95 76 96 53 7
72 85 74 49 88 16
92 65 30 34 48 2
87 94 3 27 28 79
12 14 10 18 11 93
39 58 78 51 13 12
99 22 53 60 42 6
80 60 10 86 57 55
48 25 73 8 48 95
1 4 57 60 31 24
6 40 4 76 2 92
44 19 72 95 41 20
88 56 38 68 32 47
50 41 36 36 38 45
62 15 41 94 86 57
92 55 18 34 74 11
52 42 24 34 64 99
43 12 51 33 17 73
63 31 29 76 92 61
3 51 27 88 63 69
10 49 50 35 64 63
1 37 82 12 60 84
58 10 57 83 67 5
54 61 23 48 63 60
87 57 37 32 62 82
65 80 71 74 50 40
7 56 39 22 25 27
58 35 81 38 92 23
13 47 32 25 73 24
49 65 86 66 74 55
19 84 74 6 9 58
1 62 99 59 67 23
32 4 86 39 87 93
91 19 76 27 95 20
3 90 26 67 10 30
38 11 21 82 97 43
10 35 89 9 69 71
63 3 39 28 33 6
42 30 52 42 1 29
67 50 47 70 38 95
23 24 90 56 85 91
90 6 83 66 37 60
36 1 63 90 73 64
74 55 81 59 20 2
96 19 76 30 18 52
29 2 79 62 56 77
82 28 60 72 74 64
64 14 9 93 60 81
44 90 97 32 62 56
55 12 42 8 71 25
99 89 55 85 77 22
89 11 36 40 17 8
98 67 46 89 81 90
35 53 9 54 99 23
71 88 47 80 78 66
17 57 87 30 19 6
33 61 89 11 88 64
73 34 67 50 69 80
6 97 24 23 70 99
27 33 70 90 80 13
10 53 56 47 35 10
9 70 68 17 32 66
88 33 50 87 80 36
10 37 4 12 86 33
93 13 78 15 66 87
99 60 4 55 26 53
23 26 95 9 62 39
60 21 40 88 27 77
16 92 25 69 15 56
97 97 54 57 60 45
97 93 22 30 50 32
42 31 68 40 76 84
7 59 62 49 15 32
64 57 23 68 50 64
12 68 9 73 86 72
67 54 45 28 91 30
35 28 71 64 57 78
6 38 46 63 91 90
32 8 12 19 96 13
50 79 71 66 28 60
89 12 76 40 38 46
25 17 25 53 48 3
75 33 21 11 16 48
56 16 57 65 21 18
78 48 87 51 29 22
84 99 6 64 67 75
